0.622298909417018
0.648949935449321
0.779930248655468
0.611951372423185
0.723822418813585
0.620504490516420
0.656822795480450
0.775668206848493
0.655081816340905
0.640860718798512
0.603884538807065
0.755535416003322
0.706899548248045
0.750166504623594
0.660687184540603
0.633858656974649
0.728089097819988
0.797164908618031
0.654476939649080
0.730743251169295
0.713908621046759
0.657599650982810
0.791761582474537
0.755742005148356
0.661986305719226
0.625482881830913
0.648936484292171
0.778471582387135
0.673074869951579
0.611022209543938
0.756729311830055
0.687110593249727
0.650000445116959
0.649781056807039
0.789594732590121
0.702184038713217
0.737567200169439
0.602746818681472
0.685227234672084
0.650378351895379
0.616968863766083
0.709929036561922
0.799246950165107
0.751715011536143
0.733748456669202
0.644286632560978
0.628627215129359
0.653977128903003
0.623820885568989
0.747873861509055
0.609535266905141
0.770619542221685
0.737148483454488
0.761941470543788
0.786682370395493
0.740929589468725
0.775727673015820
0.662108515997903
0.740658632081556
0.608285946219962
0.693264523749435
0.779246519439852
0.644560193123011
0.777105470997830
0.796310592660828
0.762810112543886
0.643006089372147
0.700040359868763
0.636759881217441
0.703370308435806
0.641775831307671
0.771341483484828
0.654809034023400
0.700771070941694
0.779245918483190
0.642558274860676
0.680521517314366
0.746798445470765
0.613835680503756
0.643223614973808
0.755131859276342
0.787492799174043
0.773492758911371
0.702979690820173
0.603557394587191
0.684027087008517
0.625539215523865
0.765367050314392
0.750784128727859
0.679189342577397
0.714618894316702
0.613654446624704
0.616288704911707
0.623237981037762
0.790024566588551
0.702482327163163
0.766320191081505
0.780738842911934
0.753169631113459
0.607197496486305
0.772449891723726
0.748844367788588
0.623592856714999
0.766571961789796
0.643738737165480
0.710883047910544
0.730610966598581
0.653937848297745
0.697698284773737
0.714718185439772
0.653768925246309
0.753934068678371
0.786461187860235
0.734365819533536
0.749146720815609
0.639390099224482
0.745024743491032
0.649929749690712
0.764224518118240
0.794690231885584
0.715650487123655
0.737672903887089