0.722298909417018
0.748949935449321
0.879930248655468
0.711951372423185
0.823822418813585
0.720504490516420
0.756822795480450
0.875668206848493
0.755081816340905
0.740860718798512
0.703884538807065
0.855535416003322
0.806899548248045
0.850166504623594
0.760687184540603
0.733858656974649
0.828089097819988
0.897164908618031
0.754476939649080
0.830743251169295
0.813908621046759
0.757599650982810
0.891761582474537
0.855742005148356
0.761986305719226
0.725482881830913
0.748936484292171
0.878471582387135
0.773074869951579
0.711022209543938
0.856729311830055
0.787110593249727
0.750000445116959
0.749781056807039
0.889594732590121
0.802184038713217
0.837567200169439
0.702746818681472
0.785227234672084
0.750378351895379
0.716968863766083
0.809929036561922
0.899246950165107
0.851715011536143
0.833748456669202
0.744286632560978
0.728627215129359
0.753977128903003
0.723820885568989
0.847873861509055
0.709535266905141
0.870619542221685
0.837148483454488
0.861941470543788
0.886682370395493
0.840929589468725
0.875727673015820
0.762108515997903
0.840658632081556
0.708285946219962
0.793264523749435
0.879246519439852
0.744560193123011
0.877105470997830
0.896310592660828
0.862810112543886
0.743006089372147
0.800040359868763
0.736759881217441
0.803370308435806
0.741775831307671
0.871341483484828
0.754809034023400
0.800771070941694
0.879245918483190
0.742558274860676
0.780521517314366
0.846798445470765
0.713835680503756
0.743223614973808
0.855131859276342
0.887492799174043
0.873492758911371
0.802979690820173
0.703557394587191
0.784027087008517
0.725539215523865
0.865367050314392
0.850784128727859
0.779189342577397
0.814618894316702
0.713654446624704
0.716288704911707
0.723237981037762
0.890024566588551
0.802482327163163
0.866320191081505
0.880738842911934
0.853169631113459
0.707197496486305
0.872449891723726
0.848844367788588
0.723592856714999
0.866571961789796
0.743738737165480
0.810883047910544
0.830610966598581
0.753937848297745
0.797698284773737
0.814718185439772
0.753768925246309
0.853934068678371
0.886461187860235
0.834365819533536
0.849146720815609
0.739390099224482
0.845024743491032
0.749929749690712
0.864224518118240
0.894690231885584
0.815650487123655
0.837672903887089