0.522298909417018
0.548949935449321
0.679930248655468
0.511951372423185
0.623822418813585
0.520504490516420
0.556822795480450
0.675668206848493
0.555081816340905
0.540860718798512
0.503884538807065
0.655535416003322
0.606899548248045
0.650166504623594
0.560687184540603
0.533858656974649
0.628089097819988
0.697164908618031
0.554476939649080
0.630743251169295
0.613908621046759
0.557599650982810
0.691761582474537
0.655742005148356
0.561986305719226
0.525482881830913
0.548936484292171
0.678471582387135
0.573074869951579
0.511022209543938
0.656729311830055
0.587110593249727
0.550000445116959
0.549781056807039
0.689594732590121
0.602184038713217
0.637567200169439
0.502746818681472
0.585227234672084
0.550378351895379
0.516968863766083
0.609929036561922
0.699246950165107
0.651715011536143
0.633748456669202
0.544286632560978
0.528627215129359
0.553977128903003
0.523820885568989
0.647873861509055
0.509535266905141
0.670619542221685
0.637148483454488
0.661941470543788
0.686682370395493
0.640929589468725
0.675727673015820
0.562108515997903
0.640658632081556
0.508285946219962
0.593264523749435
0.679246519439852
0.544560193123011
0.677105470997830
0.696310592660828
0.662810112543886
0.543006089372147
0.600040359868763
0.536759881217441
0.603370308435806
0.541775831307671
0.671341483484828
0.554809034023400
0.600771070941694
0.679245918483190
0.542558274860676
0.580521517314366
0.646798445470765
0.513835680503756
0.543223614973808
0.655131859276342
0.687492799174043
0.673492758911371
0.602979690820173
0.503557394587191
0.584027087008517
0.525539215523865
0.665367050314392
0.650784128727859
0.579189342577397
0.614618894316702
0.513654446624704
0.516288704911707
0.523237981037762
0.690024566588551
0.602482327163163
0.666320191081505
0.680738842911934
0.653169631113459
0.507197496486305
0.672449891723726
0.648844367788588
0.523592856714999
0.666571961789796
0.543738737165480
0.610883047910544
0.630610966598581
0.553937848297745
0.597698284773737
0.614718185439772
0.553768925246309
0.653934068678371
0.686461187860235
0.634365819533536
0.649146720815609
0.539390099224482
0.645024743491032
0.549929749690712
0.664224518118240
0.694690231885584
0.615650487123655
0.637672903887089