[0.42755 0.83754 1.24615 2.05335 2.49516 3.29558 3.97133 4.44245 5.8212 ]
[ 2.12465  4.68902  8.27284 11.11601 12.55415 16.03504 17.71996 20.69085
 23.69833]
[43.01555 33.52718 21.43715 14.69297 11.71153  8.05845  7.38057  5.91036
  5.46927]
[47.72887006200201, 43.83459832065024, 39.15620345762395, 34.61494339823333, 32.001222559773325, 26.334965780111997, 23.057783683457654, 19.221098205354306, 13.81606055477897]
0.6132027606696918
[0.6603452164400087, 0.7135229667171988, 0.7782533527795027, 0.8335799844837628, 0.8658196737641317, 0.9017277750700908, 0.9253384490654714, 0.9505972016126198, 0.9761800039446162]
[ 7.86865718  8.37179695  8.63132381  9.12081851  9.27646133  9.91512033
 10.15786153 10.26173769  9.96677243]
[11.98602629 17.71742361 23.75124653 27.93775971 29.48172421 34.91494238
 37.07414387 38.37494183 38.86521949]
