[ 3.005  3.736  4.275  5.384  5.924  6.643  6.834  8.552 10.174]
[10.955 12.911 14.023 15.347 16.322 18.645 21.333 25.044 27.024]
[15.738 10.364  8.465  8.64   8.319  6.223  5.606  5.034  4.363]
[35.979755535576324, 32.552797223593046, 28.562290987970293, 25.56363470660069, 23.254106417396876, 20.25042568037819, 18.089502406723497, 14.340192703669496, 11.090279804591486]
0.4731375418006806
[0.7279984832865023, 0.7819670374432588, 0.8172992016401551, 0.8545494980483427, 0.8773308143899492, 0.899135236872217, 0.9218097406008156, 0.9520674294530018, 0.975376714502904]
[7.73641467 8.176615   7.96709347 7.93242335 8.28348231 9.11675715
 9.06925321 9.4242475  8.67240191]
[26.12328625 28.38225627 29.078686   28.38485312 30.38171434 34.67773724
 36.55733347 37.86027074 35.70982218]
