[0.    0.111 0.484 0.684 1.164 1.73  2.143 2.857 4.054]
[ 0.     1.558 12.814 16.701 26.008 36.344 38.365 45.151 50.726]
[50.    45.203 29.754 24.722 14.273  4.582  3.552  3.15   2.674]
[50.0, 46.24262460833618, 35.31286725995742, 30.680838606961338, 21.86478293871413, 12.806418859397173, 10.118432202099568, 7.273300106274409, 3.901961432776418]
0.7930826255378276
[0.6856552860315539, 0.6978730913124581, 0.7376828097147106, 0.7665913825511445, 0.8091997381160897, 0.8598245684066422, 0.8946098347141805, 0.9294836518974874, 0.9658403975441806]
[6.49601793 6.52076817 7.01086426 7.15714884 8.07414985 8.36442089
 8.39691997 8.3183918  8.06789279]
[ 6.48103118  7.93354654 15.34251881 17.18802166 26.35763144 28.59426236
 30.20695138 29.04817986 28.37532258]
