[1.62  2.345 3.078 3.528 4.075 4.773 5.66  7.138 8.747]
[21.444 27.017 30.705 33.451 36.235 38.87  42.323 47.402 54.53 ]
[14.166  7.281  4.247  3.832  3.657  3.191  2.967  2.65   2.369]
[22.937701005628913, 15.049022003638154, 11.026277129212161, 9.525916951578193, 7.483918028460082, 5.612229056094044, 4.12956660425851, 2.6975538298646677, 1.744151117639036]
0.6423778205462105
[0.6436498805874732, 0.6995974194033633, 0.7470810412323241, 0.7851401473582642, 0.8225307340900292, 0.8584475082954277, 0.8946463674856957, 0.9318651661118227, 0.9655199483448428]
[8.26901197 8.5012176  8.32810497 8.41309857 8.07442713 8.33706975
 8.3308661  8.08717227 7.85911012]
[27.40843534 31.54835105 31.38158035 33.36528039 29.82430673 32.2097764
 34.9651618  31.83301377 30.95984793]
