[0.    0.06  0.177 0.528 0.869 1.55  2.064 2.687 3.242]
[ 0.     0.567  1.49   4.547  6.72  11.962 15.051 18.671 22.026]
[50.    48.267 44.48  33.806 25.389 13.873  9.56   6.789  5.637]
[50.0, 49.56457904895649, 48.19798869165891, 43.82494114421667, 39.50123769000234, 34.74154872614919, 29.682546218368625, 24.001619165865247, 18.67979143277079]
0.6834635046195878
[0.7177181547143611, 0.7264536935520552, 0.7438516467739673, 0.7962295929936016, 0.8399467719704303, 0.8919757757809096, 0.9220494255622018, 0.9524893506158938, 0.9755560649406244]
[6.08408713 6.06905293 6.0017736  6.65946841 6.88684678 7.82850027
 7.98045444 7.99708152 7.81804657]
[ 6.07350039  6.99144959  8.37436223 14.24967027 17.48539519 24.82685423
 29.06813955 28.60097814 30.79892564]
