[ 7.701  8.67   9.623 10.625 11.49  13.618 14.959 17.032 21.406]
[30.809 34.027 35.359 37.197 40.258 44.692 48.568 53.511 62.829]
[3.837 3.794 3.331 3.198 3.014 2.659 2.518 2.275 1.993]
[5.804697352090074, 4.408096067112101, 3.369128750252931, 2.9362007903845373, 2.4159940205219517, 1.7156121859506512, 1.3697765166826117, 0.9548373761066082, 0.533058965066666]
0.24492543879302306
[0.6604761299152174, 0.7095223772652688, 0.7457096303020376, 0.7827319453254973, 0.8212756189211528, 0.8623225765472391, 0.8946191168332378, 0.9308443855550866, 0.9661861878753423]
[9.40359116 9.41944385 8.83477187 8.97212577 8.61701274 8.85748816
 8.60902238 8.4320507  8.40257978]
[38.01831341 37.2936945  36.00265074 36.35978937 36.88716364 37.61522746
 34.97421288 35.07331634 35.90342188]
