[ 5.7636  6.1698  7.0888  7.854   8.8948  9.9905 11.0746 13.241  16.5146]
[22.1412 23.9152 25.7217 27.6314 29.5568 31.6427 35.3223 39.3341 46.0831]
[4.9494 4.1327 3.9833 3.6548 3.335  3.455  2.9028 2.4567 2.2816]
[12.494541641620184, 10.852261340475641, 8.93705721857941, 7.371255833043989, 6.1296482908258305, 5.026802569851875, 4.052822149978413, 2.7876198150022917, 1.7127033747814373]
0.2929584066664658
[0.680955441011197, 0.719786300397496, 0.7603545349006751, 0.7977416286950287, 0.8336384529035166, 0.8686664964635474, 0.9012003314033784, 0.9366994066063044, 0.968674473646154]
[19.94179869 20.382762   20.57017226 20.44220543 20.61637411 20.21143665
 19.7566833  19.30147276 18.6549834 ]
[86.64754548 89.50604386 91.30001843 89.74122221 92.20363863 91.09234581
 90.06187198 90.85887337 86.60310502]
