[ 7.66945  8.64074  9.57423 10.5918  11.4469  13.54846 14.90552 16.97727
 21.31852]
[30.74383 33.88578 34.8651  36.74344 39.93355 44.30324 47.98863 52.77085
 61.98698]
[3.79718 3.80802 3.36159 3.25807 2.9495  2.67012 2.53198 2.25803 1.98715]
[5.890423591893026, 4.471306677015308, 3.436280660440948, 2.960848249354255, 2.4437287639030085, 1.7652361276230897, 1.4005967385553313, 0.9752812281242792, 0.5495750882944987]
0.24616753145083817
[0.660409149781768, 0.7094995520056095, 0.7458377668249399, 0.7832337819048345, 0.8214812950428635, 0.8621594850637077, 0.894763592252305, 0.9307796642827231, 0.966237980722222]
[10.89846681 10.85111064 10.23741864 10.36014905 10.14186106 10.38128516
 10.14045683  9.94080939  9.86823127]
[44.58545021 44.14471192 41.68954949 42.65680816 42.51670841 44.34984955
 41.8347028  41.14904886 41.36280094]
