[13.66999 15.02241 15.96823 17.92035 19.77419 21.61893 23.5537  27.04076
 32.59893]
[41.90141 43.37665 45.03334 48.5741  54.57948 57.40581 62.5929  71.83336
 82.00925]
[2.69433 3.09644 3.02073 2.19984 2.13633 2.13001 1.81595 1.64606 1.48054]
[2.775379660513595, 2.4011176885207455, 1.9340588225425224, 1.674301399001117, 1.235349937123134, 0.9956949762378788, 0.6959869549437886, 0.5470713480824428, 0.29537858212787077]
0.13336154428448263
[0.6582122013816246, 0.7053235829381336, 0.7447255768891695, 0.7846478576310245, 0.8268366112189155, 0.8617203781029267, 0.894478213051032, 0.9312707672811893, 0.9661184360862237]
[11.91967855 11.91419697 11.27867881 11.35378504 11.31691206 10.98541897
 11.22732137 10.88760262 10.55689799]
[54.09860923 53.0760434  48.82515947 49.96002062 50.91396762 47.92702183
 51.63906925 48.65280455 47.04135088]
