[ 4.939  5.384  6.197  6.939  7.878  8.808 10.519 12.357 15.252]
[30.289 31.959 33.632 35.78  38.365 41.512 45.887 51.347 57.83 ]
[4.002 3.491 3.504 3.207 2.961 2.762 2.635 2.335 2.175]
[8.477330820020851, 6.950516313834225, 5.501961255233831, 4.520230852381312, 3.340403435391549, 2.7103494136169397, 1.896487909880873, 1.3283245808140223, 0.7806044092045642]
0.3446767869242759
[0.6658402431599477, 0.7093990938894194, 0.7470465936501417, 0.7824819074959103, 0.8221037629443813, 0.8582566175714814, 0.8962505563678386, 0.93194543799324, 0.9657614355808528]
[8.99500775 8.85749865 8.88272357 8.77700901 8.50881696 8.40340924
 8.75042796 8.15919757 7.9324193 ]
[34.63670015 34.79772067 34.9532733  36.28082037 34.74864817 33.04294062
 36.22415948 34.49373317 32.32032108]
