[1.67954 2.42034 3.14729 3.604   4.16657 4.87673 5.81008 7.25149 8.95982]
[22.04406 27.67462 31.37576 34.1256  36.66484 39.82324 43.27777 48.12705
 55.74309]
[13.83936  7.09002  4.11066  3.56441  3.53665  3.13565  2.84724  2.64305
  2.26332]
[22.45266794506059, 14.644798458160592, 10.705179813451656, 9.186653986099282, 7.233980825297968, 5.420149351078334, 4.010631032403722, 2.634200488034148, 1.692294250125243]
0.49189002748610866
[0.6426035931540525, 0.6998429696945442, 0.7466912653058584, 0.784367020989462, 0.8215822548601136, 0.8578998432587613, 0.8949228814248287, 0.9313638645586068, 0.9655515329104061]
[8.39369039 8.73193195 8.52427149 8.57696891 8.49596166 8.34088454
 8.42050747 8.29737306 8.12515485]
[28.20254471 32.06113275 32.28563036 33.11150335 32.77530151 32.63558916
 33.76258363 32.73649613 31.86709895]
