[ 4.9121  5.8564  6.3506  6.7616  7.6628  8.2642 10.0787 11.485  14.1312]
[15.497  16.4824 18.3805 19.8373 22.2742 24.7235 26.957  29.3158 35.6979]
[9.8564 7.7166 6.9876 6.1012 5.4519 4.7716 4.8981 4.3596 3.1482]
[27.142131599727588, 23.278932692761252, 21.042737600760823, 18.734212941214388, 16.579446840906947, 14.562843729262738, 11.979738824970394, 9.461517452806662, 7.036635484597947]
0.33961545315192404
[0.727265215388986, 0.7641002919021196, 0.7926984008996566, 0.8224502701901245, 0.8560079925311025, 0.8850913147379948, 0.9182598034750826, 0.9465744451573855, 0.9732067869984443]
[19.45468154 21.03180273 21.9727278  22.15948758 22.90456696 23.65890331
 23.62318654 22.99978669 21.4041434 ]
[ 71.32098815  86.87593634  93.90258682  90.59353151  98.3360043
 105.43268578  98.72872145 101.62466455 102.33327057]
