[ 4.44105  5.04381  6.37776  6.87615  7.33853  7.92351  8.41637 10.38298
 12.44072]
[13.75972 15.60535 16.01274 17.66493 19.38797 21.48076 25.32083 27.90837
 31.74306]
[10.95177  7.91425  8.6654   7.6018   6.96403  6.33502  4.68774  4.7656
  4.2431 ]
[31.942751289846232, 27.58925426444364, 25.09636639867715, 23.05022522644537, 21.457227398608183, 18.689769447635012, 16.554393313396098, 13.366506124903374, 9.995062779332054]
0.4181546000900804
[0.7471806141077855, 0.7880687091243322, 0.8286157256907521, 0.8516588660252772, 0.87409661289172, 0.896802001171604, 0.922636713038776, 0.9515681847409393, 0.974508149346639]
[10.36348314 10.78837251 10.23526365 10.64965204 10.98475283 11.30345378
 11.98056681 11.85431766 11.26058695]
[35.88692768 39.47710075 35.1118649  39.12601216 41.84442302 45.12832949
 52.54679922 49.68636666 48.74067294]
