[ 4.90038  5.32693  6.13871  6.8685   7.81968  8.73444 10.44539 12.23624
 15.11013]
[29.77176 31.59623 33.39941 35.5728  37.95717 40.92465 45.58869 50.5674
 57.00559]
[4.15101 3.68002 3.5999  3.37928 3.01985 2.84866 2.6581  2.45512 2.23386]
[8.5937351660367, 7.179110316521426, 5.6678897684213725, 4.7078944313928615, 3.44362272966262, 2.8350455261854544, 1.9846007454836576, 1.4143011804917163, 0.8396687808350723]
0.34690599165800423
[0.6655557363236562, 0.708856883503093, 0.7473001181314999, 0.782634962348906, 0.8220355039821532, 0.8584084341819355, 0.8960804421529848, 0.9319291219204228, 0.9656748042832707]
[9.33554232 9.31191439 9.10125524 9.01181529 8.94559731 8.80870216
 8.90114514 8.65697434 8.46000701]
[36.87984289 37.17415439 36.23561804 35.92427084 36.36425282 36.09894945
 36.40951965 36.05628439 34.6849203 ]
