[10.71283 11.85368 12.95591 13.89238 16.49637 17.69953 19.80653 22.24412
 27.2921 ]
[36.57171 37.40278 39.53537 42.72777 47.13001 50.61126 54.90851 61.53393
 70.443  ]
[3.1335  3.039   3.26988 3.16052 2.3552  2.45531 2.22043 2.10816 1.84774]
[3.9997848934250824, 3.0437637767013337, 2.655787673687384, 2.175307121769738, 1.5929980806090909, 1.3181073935431478, 1.060452196235121, 0.6854868793150107, 0.3943085055645509]
0.17899789116323533
[0.6584427734467256, 0.7046223139311784, 0.7452706316251183, 0.7810910281117259, 0.8267562834854493, 0.8608115000497553, 0.8958160627863435, 0.9309289944161695, 0.9661861435086088]
[11.5862558  11.3669083  10.9005359  10.85436555 11.03015159 10.62432797
 10.69997674 10.51167762 10.20386525]
[50.14604231 48.95522504 45.99804174 46.05052845 48.8724632  45.60423307
 46.15158137 45.65986516 43.58212039]
