[ 3.6441  3.7892  4.5907  4.9612  5.432   6.3559  6.9557  8.7893 10.8747]
[12.1361 13.5606 14.6526 16.0113 18.3034 20.4602 22.8584 24.5802 29.6162]
[13.0061 11.17    9.1631  8.0157  7.2828  6.0559  5.174   5.335   4.0203]
[32.27171881076508, 29.667505286139566, 25.127283580055245, 22.788499530695628, 20.013548741836335, 17.25889424013116, 14.52192057571004, 11.26674049865983, 8.131632294776754]
0.4208718895616109
[0.7328148150082058, 0.7637634684709307, 0.7977257056819141, 0.8238089267236642, 0.8541832004475677, 0.8864913290366585, 0.9147249666333359, 0.9467582820650278, 0.9731686133880845]
[18.01162171 18.5713227  20.12675724 20.71325836 21.28484774 21.89622543
 22.34753246 21.78535242 20.3294991 ]
[55.72957726 59.19211807 75.50618875 79.14463763 81.86671655 86.89954679
 90.07238946 87.2405452  89.26482873]
