[0.    0.    0.    0.    0.088 0.391 0.585 0.916 1.47 ]
[ 0.     0.     0.     0.     0.691  4.934  8.308 13.676 19.567]
[50.    50.    50.    50.    46.323 34.564 26.39  15.27   6.878]
[50.0, 50.0, 50.0, 50.0, 48.6131683537934, 43.914832284810984, 39.729931591328146, 34.05603482678768, 24.270263592686085]
0.8705061021234667
[0.8322242418573587, 0.8322242418573587, 0.8322242418573587, 0.8322242418573587, 0.8441372851949006, 0.8872998697660809, 0.9150103234992936, 0.9442274799039927, 0.9767234022771022]
[6.08731174 6.35268784 5.72767353 5.88375998 6.10936546 6.22889233
 6.98555636 7.57991195 7.59540248]
[ 6.08476162  6.34368587  5.72569346  5.8797493   7.43158698 11.70152283
 15.98018026 23.73011088 26.34912586]
