[0.034 0.37  0.803 1.16  1.728 2.167 2.566 3.096 4.345]
[ 0.324  2.018  4.936  8.034 10.6   12.931 16.065 18.17  21.387]
[48.728 41.894 32.177 22.208 16.466 10.857  8.365  7.479  5.672]
[49.085165042625256, 46.21906739523541, 42.988531002247, 39.12650379925361, 34.55424240470425, 30.455872654615035, 26.234409036285744, 20.99299198865948, 14.682208216594258]
0.6556971017588092
[0.6610758277606446, 0.6982363729582789, 0.7507827266917093, 0.7994234286554419, 0.851824278760947, 0.8886483128784401, 0.9176565213876152, 0.9448451261686971, 0.973123045755922]
[ 8.40495014  8.45263982  9.15687346  9.61885762  9.81875515 10.23843288
 10.6346705  10.30329275 10.4844625 ]
[ 8.89734864 13.00754476 18.91800904 26.1920588  28.66884089 32.72239161
 37.01470399 35.14415646 39.57360601]
