[0.     0.     0.0185 0.0512 0.1653 0.5293 0.8661 1.1864 1.7127]
[ 0.      0.      0.1295  0.3404  1.8874  6.4098 11.1221 15.4148 18.1786]
[50.     50.     49.297  48.21   43.693  30.8335 17.9297 10.3063  7.1841]
[50.0, 50.0, 49.36890201689517, 48.455011117994395, 46.89440027431704, 41.357712328752605, 34.96365347561777, 29.640394812419295, 21.941340526031265]
0.7998840103590007
[0.7998840103590007, 0.7998840103590007, 0.8019907566027956, 0.8072770649115525, 0.8213637640531409, 0.8657101997993379, 0.9117701118671312, 0.9464323587366709, 0.9725911583760452]
[14.14971299 14.15256901 14.17779284 14.19446776 14.69249148 16.11845419
 17.55476661 18.17925472 17.79821434]
[14.14024005 14.13679473 14.37073729 14.90057507 19.92611444 34.60321925
 49.37990811 52.8970536  57.76363862]
