[10.595 11.753 12.906 13.835 16.442 17.565 19.694 22.148 27.118]
[37.116 38.103 40.284 43.337 47.973 51.487 55.982 62.428 71.368]
[3.092 3.027 3.23  3.134 2.311 2.44  2.171 2.048 1.788]
[4.084684381644661, 3.1208082729059523, 2.7155187481365535, 2.2331936042627536, 1.6038441007563604, 1.3511265610543446, 1.090141948351165, 0.6973330462438333, 0.40492496648723564]
0.179582096353339
[0.6580065641994052, 0.7044955187458541, 0.7459567795704366, 0.781785022057842, 0.8270284861791153, 0.8606163937285166, 0.8959309061945918, 0.9311079254348916, 0.9661113941167001]
[9.59956694 9.39929962 8.9830296  8.74517989 9.22451901 8.68323731
 8.73916435 8.60145283 8.21753883]
[41.85599971 42.14577866 37.23172975 36.87001634 41.00946593 37.65177727
 37.86682677 36.01777101 35.32367516]
