[1.0571 1.5988 2.1704 2.5616 3.084  3.632  4.3226 5.2895 6.919 ]
[8.0784 13.6369 16.9277 19.2554 21.0005 23.0768 25.6749 28.4588 33.1387]
[26.8195 14.8602  9.1505  6.1639  5.5654  5.1148  3.8872  3.9743  3.0082]
[36.056307598035126, 28.70657494595002, 24.21324704340159, 20.584785725075836, 16.85965060871449, 13.755673147983034, 10.650340138295823, 7.7427324664445, 4.960335987940341]
0.5392307765754804
[0.6428270675433393, 0.7027061886282906, 0.7573386031838873, 0.7966863189607674, 0.8300635988228064, 0.8672115761831876, 0.9007832610318883, 0.9349473075833526, 0.9684424095959031]
[ 9.14536405  9.77525356 10.13873444 10.5465538  10.60318811 10.8136107
 10.61148839 10.31855798 10.11264288]
[23.81425788 32.27652402 35.90438461 40.26257381 40.23679955 42.3434912
 43.82113218 42.7167254  43.53088696]
