[0.0401 0.3699 0.8711 1.2191 1.766  2.2026 2.5886 3.1717 4.3884]
[ 0.3431  2.2108  5.1832  8.3715 10.8741 13.226  16.1527 18.3496 21.5127]
[48.4978 41.5378 31.3429 21.3697 15.7389 10.5117  8.4609  7.4083  5.8647]
[48.83241625710823, 45.99950206593572, 42.49102214103495, 38.763071587913835, 34.28584825255987, 30.049101037435285, 25.896022528465064, 20.48176710242624, 14.380065494626242]
0.6515713608559409
[0.65800679519593, 0.6951245725427323, 0.7535041926214362, 0.8021688062888452, 0.8519659556464249, 0.8881151783815782, 0.917051421281205, 0.9449211029268139, 0.9729493370550208]
[14.11737823 14.81009436 16.02427001 17.2049809  17.62539561 18.46644454
 19.38841505 19.32286506 18.7198091 ]
[14.85792472 22.20976779 35.21020191 47.60811236 51.07895658 59.06632638
 65.35368638 65.8479805  68.32893682]
