[0.      0.06873 0.20721 0.54977 0.88923 1.52522 2.04919 2.70694 3.2713 ]
[ 0.       0.71981  1.96786  4.70964  7.08542 12.20375 15.26864 18.85194
 22.28512]
[50.      48.04984 43.29763 34.09274 25.05793 13.72481  9.32843  6.67022
  5.54175]
[50.0, 49.43032351268705, 47.79658218541243, 43.678401882745845, 39.34040289672543, 34.58926587420878, 29.3959784549951, 23.663308230007715, 18.336896453839767]
0.7162221610474332
[0.7162221610474332, 0.7260187484919447, 0.7470037110782654, 0.7956717375638409, 0.8405122916870014, 0.8918768769317618, 0.9220229816038258, 0.9527003625283187, 0.975636084745885]
[7.49786208 7.57819589 7.42720489 7.94621763 8.41906158 9.29795633
 9.76099376 9.94867584 9.64452091]
[ 7.48917786  8.87500124 11.00577718 16.3890017  20.847673   29.70306955
 33.71007295 35.33075848 36.18193521]
