[ 3.3671  4.0277  4.3836  4.9032  5.5492  6.5372  7.6105  9.174  11.2671]
[18.1901 20.0896 21.9811 23.6712 25.3764 27.3046 30.7857 34.134  40.1457]
[6.5238 6.0057 5.2696 4.5723 4.0131 4.066  3.588  3.1075 2.5414]
[20.391215909047787, 16.82874810028207, 14.541126825883207, 12.444473942678409, 10.005661716504077, 8.115036395050394, 6.256799108161028, 4.607507952225593, 2.936109797220396]
0.3985210125338452
[0.6845230517353782, 0.7244888539401914, 0.7580742339187946, 0.7962679265011191, 0.8328139956834538, 0.8662598057082854, 0.9010205126430115, 0.9371282421621916, 0.9682121397980139]
[18.059203   18.66315439 19.10601933 19.35094233 19.46260736 19.36036623
 19.09426353 18.42561777 18.02707212]
[68.69881635 73.36201048 77.1625375  79.7136795  81.01995046 80.88697255
 82.10326235 81.31235964 81.08409801]
