[13.768 15.128 16.058 18.028 19.9   21.706 23.669 27.2   32.79 ]
[42.076 43.126 45.107 49.251 55.234 58.028 62.907 72.167 82.564]
[2.654 3.155 3.028 2.121 2.044 2.111 1.789 1.599 1.493]
[2.691858559230003, 2.33948229327655, 1.878568977476587, 1.6129696570832146, 1.1965166790127253, 0.9627966493030286, 0.6651861270332443, 0.5243121312522642, 0.28166657377557386]
0.132753367826871
[0.658281876338623, 0.7052157064247123, 0.7445363017882108, 0.784422280473183, 0.8266314815866439, 0.861387259705382, 0.8945064695129793, 0.9311276025855533, 0.966110998468286]
[10.20822597 10.02976894  9.77186823  9.68971276  9.59660387  9.30304646
  9.48805285  9.04751778  8.85524559]
[47.00592351 44.6829164  41.96586108 43.49659395 42.7903142  41.44217634
 43.16692162 40.56022286 39.88552594]
