[1.358 2.255 2.988 3.542 4.309 5.027 5.637 6.125 8.23 ]
[ 6.551  9.439 11.598 13.208 14.683 17.121 19.181 22.288 25.053]
[28.178 18.366 13.363 10.     9.522  7.67   6.75   6.423  4.724]
[42.00981423794363, 37.78784874485281, 33.39130663370263, 29.338364328829517, 26.443008309190432, 23.071248573603025, 20.28828034970455, 17.3236938242815, 12.089478150493527]
0.5312951687406674
[0.6833245574495426, 0.7569780355582285, 0.8079530122709172, 0.8453861416936775, 0.8749594449364272, 0.901620588197527, 0.9255282370544702, 0.9489381930749938, 0.976323672727611]
[7.57801867 7.76949382 7.71908832 8.00446129 8.19940352 8.28657675
 8.69518042 9.12235093 8.55878758]
[18.37462044 22.60605478 25.00569916 27.7640841  28.15561342 30.1093235
 33.04653358 34.52176023 35.3863709 ]
