[ 7.7792  9.0524  9.7634 11.216  12.3954 13.3288 15.0323 17.3527 21.2688]
[26.7205 27.8811 30.229  32.2187 34.8488 37.1337 40.824  45.3211 52.5038]
[4.0156 3.543  3.3886 3.4348 3.3937 2.7116 2.7908 2.3623 2.0726]
[9.3561990050466, 7.5115246900429815, 6.470528358565969, 5.298957514528609, 4.300549805158792, 3.7150739929989007, 2.82825740749782, 2.026976255470619, 1.1581470087897008]
0.21700894952079794
[0.681603049415601, 0.7247149362515892, 0.7595636403771465, 0.7987714281110557, 0.8362028862780744, 0.8691465807430264, 0.9020858964138239, 0.9372104392348781, 0.9683177081193273]
[21.73852961 22.08505242 22.02835662 21.79292991 21.7613466  21.14156826
 20.78137722 20.26182547 19.78440678]
[102.56895196 104.53761098 104.2724788  102.71320806 105.06344039
 101.27790341  99.92609653  99.64811759 100.58809109]
