[10.6417 11.8575 13.0468 14.412  15.3568 17.1493 19.2879 21.8011 26.1092]
[31.436  33.2518 35.2888 38.1182 39.6896 43.2221 47.2796 51.3597 60.4655]
[3.5168 3.2941 3.232  3.3627 2.8128 2.7847 2.5129 2.3894 1.8672]
[7.1281416683304135, 6.044722790612941, 5.1170107997931975, 4.268435240418105, 3.5135033746963114, 2.83622947776967, 2.075091911929503, 1.545505614448986, 0.890194177978908]
0.16131499668447938
[0.6872946456158758, 0.7240019999930135, 0.7601608533141472, 0.7997036826967748, 0.8350980931877467, 0.8701285464297555, 0.9032457759442688, 0.937687003285685, 0.9682250911147816]
[22.98096271 22.99428399 22.76784959 22.887448   22.58050685 22.0715544
 21.75357111 21.13411818 20.59630437]
[120.53598056 119.4260299  113.28616421 114.95219572 120.74885566
 117.4340184  119.32430301 114.34989192 112.61280534]
