[ 4.402  4.991  6.334  6.835  7.328  7.903  8.35  10.372 12.376]
[13.733 15.701 16.209 17.741 19.517 21.512 25.427 28.281 32.096]
[11.155  7.926  8.531  7.572  7.005  6.235  4.729  4.652  4.228]
[32.05909222007305, 27.567450899252464, 25.269578203666452, 23.228290519999785, 21.678464698299585, 18.816123301815292, 16.655957206247905, 13.52169959070332, 10.066970256873764]
0.42016255695654886
[0.747030582328579, 0.7889932359279753, 0.8287338479625307, 0.8520266949398082, 0.874044952937338, 0.8967479656202281, 0.9224219763482446, 0.9516268261226702, 0.9745125128005383]
[8.16903353 8.35990596 8.09509706 8.23522878 8.4232173  8.8985374
 9.25074124 8.97066665 8.69233322]
[28.52197433 29.50920773 28.08859801 29.06463003 31.57022762 35.63408184
 42.46645594 38.22773314 36.79748678]
