[ 2.97095  3.70062  4.27281  5.37939  5.89702  6.62091  6.81427  8.56693
 10.14005]
[10.89391 13.02346 14.26445 15.46968 16.54776 18.90442 21.42275 25.18486
 27.2605 ]
[16.14456 10.60125  8.47371  8.88103  8.45693  6.3984   5.7667   5.00796
  4.3313 ]
[36.277534552639594, 32.706721700477694, 28.628662271769656, 25.72211614963959, 23.396445627723416, 20.41336434149945, 18.253641347880027, 14.41739268351108, 11.21069765761822]
0.4745538992325678
[0.7254279213528254, 0.7805627606516666, 0.8174406860020267, 0.8542964187484232, 0.8768323399945346, 0.8993293279512241, 0.9217540698730831, 0.9520537514119214, 0.9752921134485241]
[ 9.83405383 10.113802   10.01730265 10.15972251 10.36105066 10.91502369
 11.08252725 11.34275611 10.74370667]
[32.19273024 35.18014914 35.61304362 36.14238976 37.48643725 42.64869987
 44.06448311 45.9603504  44.67822179]
