[1.0411 1.5841 2.1633 2.5551 3.0721 3.6057 4.3046 5.2776 6.8886]
[ 7.9704 13.6933 16.9508 19.2521 20.9528 23.0643 25.6892 28.386  33.1558]
[27.1522 14.8146  9.1926  6.1528  5.5137  5.118   3.8679  3.9234  2.98  ]
[36.309389930369164, 28.888535965528625, 24.34897989238828, 20.678437821161957, 17.00553010434225, 13.925276225880324, 10.723708314263774, 7.806020769180704, 5.003994836384541]
0.5398415578712469
[0.6423427037896223, 0.7029533497040165, 0.7575994853782574, 0.7972078086272667, 0.830276045509237, 0.8670632515193496, 0.9010607266843336, 0.9351027534671102, 0.9684918957404299]
[15.36336203 16.68827555 17.38151281 18.03011014 18.20887709 18.41654441
 18.18498943 17.73985381 17.31308222]
[40.14721279 55.25850167 61.70866303 68.32986717 69.35650921 72.34727628
 74.75285401 73.38239312 74.25448005]
