[1.044 1.575 2.127 2.548 3.075 3.593 4.292 5.258 6.893]
[ 7.901 13.446 16.585 19.174 21.005 23.053 25.644 28.425 33.   ]
[27.557 16.121 10.252  6.34   5.642  5.193  3.946  3.983  3.086]
[36.199572540395025, 29.344527214895553, 25.10136780987391, 21.2204287184783, 17.389701259556265, 14.430089960119265, 11.030687488404432, 8.061222853460357, 5.172696866223532]
0.5413866737933105
[0.6428928139209331, 0.7013001585124471, 0.7553327719183328, 0.797293498701347, 0.830636390746927, 0.86704588606064, 0.9011287157444186, 0.9352728346914364, 0.9685993386066242]
[ 9.61283374 10.202034   10.57946324 10.80299234 11.05083227 11.13101482
 11.13560104 10.75603676 10.64601636]
[24.11319971 32.72056508 37.49739575 41.20023799 42.08586693 43.60745645
 45.13747406 44.69765639 45.04557872]
