[1.36707 2.29311 3.02018 3.54601 4.33236 5.00871 5.60433 6.10161 8.25667]
[ 6.46448  9.41738 11.69245 13.11264 14.47856 16.80192 18.99651 22.09454
 24.75522]
[27.90943 17.98073 13.04889  9.86986  9.58287  7.72296  6.54646  6.32639
  4.83539]
[41.67223432208242, 37.486647424954604, 33.24641958717482, 29.32687331207666, 26.339772560885343, 22.995378943882397, 20.150414977686694, 17.202515737482027, 11.996546484437365]
0.531255441032058
[0.6836985488411483, 0.7584348091491117, 0.8095587484063025, 0.8459907176590843, 0.8751546406207323, 0.9014926172381061, 0.925140873666935, 0.9489911165768761, 0.9763498935001403]
[ 8.89558005  9.28298347  9.37862368  9.74185126  9.94288376 10.25747223
 10.6486928  10.66560188 10.39103094]
[22.31353584 27.01984627 30.70884125 33.59435892 34.68912515 36.72016209
 40.48663513 41.2211299  42.4308936 ]
