[0.      0.      0.      0.      0.08229 0.37592 0.55724 0.89598 1.44241]
[ 0.       0.       0.       0.       0.63441  4.62013  7.79889 13.13417
 19.08248]
[50.      50.      50.      50.      46.5482  35.0709  27.3581  15.93732
  6.97034]
[50.0, 50.0, 50.0, 50.0, 48.62145188642343, 43.86368718859038, 39.78052802924199, 34.0173875071671, 24.19594738229323]
0.8354094705055002
[0.8354094705055002, 0.8354094705055002, 0.8354094705055002, 0.8354094705055002, 0.8465348690707108, 0.8882557758317704, 0.9140633257143989, 0.9438443240544874, 0.97694168155243]
[7.52143142 7.46568863 7.05500896 7.05546081 7.22187484 7.80839094
 8.23364019 8.86144753 9.09965232]
[ 7.51351127  7.45742768  7.04616461  7.04764192  8.85544732 14.72113104
 18.93893077 26.46708209 31.09522633]
