[ 4.4481  5.0447  6.368   6.8721  7.3341  7.9191  8.4034 10.3804 12.4364]
[13.7918 15.607  16.0003 17.718  19.4082 21.4753 25.3396 27.9417 31.7656]
[10.8649  7.9147  8.7096  7.6124  7.0005  6.3321  4.6969  4.7974  4.2731]
[31.985774886263663, 27.588303485818766, 25.13517741086499, 23.093281536896068, 21.5221316925315, 18.71696500758059, 16.56850803694946, 13.379044912395818, 10.002921248586413]
0.4182543599195289
[0.7476498153279827, 0.7881304684485388, 0.8285391395197946, 0.851781177960536, 0.8740891081198806, 0.8967497343703037, 0.9225504906010156, 0.9515254388763067, 0.9744842101336353]
[8.173138   8.43048632 8.04815578 8.3792172  8.7049279  8.81567962
 9.41477587 9.30396905 8.85523906]
[28.75164473 31.15968437 27.63237278 31.1697293  33.43521664 35.49513092
 41.30203977 39.30047393 38.53477123]
