[0.423 0.862 1.234 2.089 2.529 3.296 3.996 4.462 5.847]
[ 2.255  4.984  8.239 11.271 12.934 16.472 18.149 20.957 24.021]
[42.884 32.595 21.282 14.363 11.01   7.945  7.192  5.583  5.537]
[48.04502719186601, 43.965024063507705, 39.615781493935785, 35.01721446746434, 32.33088359823633, 26.812522270311057, 23.400159898541997, 19.38513585756883, 14.041822794198968]
0.61184015948368
[0.6588357994494695, 0.7159756989109957, 0.7769967631362953, 0.8339206623061268, 0.8664169488453569, 0.9007587049671117, 0.9256331915914939, 0.9503590134443572, 0.9761238900545373]
[6.39948773 6.73611593 7.16928077 7.35997534 7.79007983 8.2060225
 8.33566904 8.61041069 8.28052759]
[ 9.91997409 14.36858606 20.1637423  22.93351531 25.7152133  28.89557743
 30.86343575 32.17247844 32.71385145]
