[ 7.0061  7.5457  7.8561  9.0384  9.7029 11.2548 13.0943 14.4459 17.159 ]
[18.5346 20.4024 21.8558 24.4823 26.8708 28.969  31.5828 34.162  41.7121]
[7.3206 6.2416 4.7458 4.1316 4.1993 4.4401 4.1392 3.9716 3.1049]
[23.342403844296637, 20.93545979997773, 18.88260978697546, 16.478742141718396, 15.11389756527908, 12.585354987110222, 10.600561363891087, 8.5185603910783, 6.374015716529246]
0.27620085055836924
[0.7285371713104944, 0.759965088420702, 0.7876917543892199, 0.8236706191554134, 0.8555561323018707, 0.8891561838750129, 0.920603229697233, 0.9460167868517881, 0.9726758473566438]
[22.03577366 22.78096766 22.91560967 24.55412042 24.92494206 25.17547982
 24.92746477 23.83799121 22.38521919]
[ 96.21803553  99.86772857 100.67600191 117.03533289 117.98204322
 116.48627715 115.13953989 108.31267934 112.95431881]
