[0.      0.10073 0.44307 0.64328 1.10801 1.65158 2.04428 2.75793 3.9191 ]
[ 0.       1.46448 11.83977 15.83994 25.0545  35.20776 37.5928  44.36787
 49.56541]
[50.      45.58113 31.47972 25.93021 15.29773  5.06239  3.51401  3.1323
  2.77832]
[50.0, 46.65951581732202, 36.5737328385281, 31.794610776126323, 22.960239570263337, 13.614404179713274, 10.714360980447296, 7.6812279953252816, 4.1823060373862395]
0.6905270899865822
[0.6905270899865822, 0.7016182791728743, 0.7380141514552169, 0.7668610858014325, 0.8095657650906105, 0.8600774674454753, 0.8948525443620523, 0.9299251575288484, 0.9660013412112634]
[6.03320969 6.10220443 6.39794331 6.57055098 7.04164241 7.43979101
 7.48309492 7.35546566 7.26590219]
[ 6.02749715  7.84797003 13.33400872 15.36439095 21.18919896 25.96865578
 26.56866192 26.30319324 25.45735897]
