[1.5933 2.0972 2.7522 2.9696 3.5552 4.1156 4.7812 5.8194 7.3467]
[ 7.168   9.6502 11.5182 13.0802 14.9573 16.9048 18.9577 21.6333 24.8119]
[23.4387 17.0891 13.228  10.9202  9.3791  7.2522  6.5147  5.7039  4.7567]
[40.18524776533762, 36.56411682850831, 32.1985570690501, 29.831819185805216, 25.361550740834737, 21.652506391850732, 18.191969493009996, 14.266137436152837, 10.271547577881872]
0.5208677191161917
[0.6930596936460734, 0.7428756044644717, 0.7953666775312583, 0.8236353448998898, 0.8549636324584393, 0.8854637291185958, 0.9160473219092173, 0.946069433287096, 0.9728009700108845]
[16.84445815 17.57590189 17.93641708 18.61877141 19.74026549 20.46683996
 20.79185038 20.90976748 19.20291317]
[45.15051689 51.10820861 52.56349542 58.75064552 69.65472288 74.60636413
 75.80712667 80.40370977 74.41976352]
