0.7591870400734779
0.8124623408927995
0.8439444936300755
0.742108032132284
0.7914758279312484
0.7778183971673206
0.7969210632463287
0.9262224377577525
0.7880945182331246
0.7941877211861372
0.7186052347160521
0.8935049168026026
0.8667588788512975
0.8797430172783357
0.8291349630901735
0.6941546384605689
0.8644322600496824
0.9527320998854412
0.756801726823572
0.9119646747704419
0.8225728996603253
0.8086224804630954
0.8882026592359524
0.8768748883021622
0.7584273824806411
0.7769717112452603
0.7931586537934974
0.9097795618880394
0.8418859011347036
0.684860742902175
0.8962996087092202
0.8256165168908561
0.7742187904637962
0.7598152183239061
0.9333110330270529
0.8550553561034288
0.8802635656633117
0.7340547981823756
0.8088347881635201
0.7878085918694234
0.7651408353907064
0.8440635178033166
0.9511991889147786
0.9124031309792171
0.8799669959548824
0.7880029329979104
0.7633182096083714
0.7260717905898642
0.7766922029592009
0.8853041014830998
0.7787072368066996
0.9202287475322521
0.849211573272339
0.8635438195363062
0.8534332743970201
0.8705061021234667
0.9317353074327064
0.8058248164348351
0.7912962501386857
0.7435305512536571
0.862436493650993
0.9099803307560033
0.7192638011711285
0.9455532495474003
0.9374564211901353
0.9179343390177551
0.7678321035638214
0.8173651778009222
0.7501585235712832
0.8200490548020443
0.7839581120161573
0.9401525146679526
0.75199874492094
0.7702151323227724
0.914490523516885
0.7935811043409614
0.7331336115503191
0.8757918034712077
0.7451436600046599
0.7440998448864634
0.8724566772085011
0.8689564124063076
0.9030692715661124
0.8404099307942177
0.7642455140302646
0.815335066509421
0.7975160241163222
0.9341780814975161
0.9188663353416519
0.7945660434765958
0.8369954408027547
0.7130673152812328
0.7836327879419299
0.7991506639690977
0.9306480082413807
0.8690789434643852
0.9187332565284584
0.9340658452995595
0.8937930727662889
0.7636430597083156
0.8696396026212657
0.8965319757653307
0.7938338123924947
0.9230175250118065
0.7673462906569167
0.855608366653315
0.8912990860416551
0.7653280586970721
0.813727663947778
0.870725819856658
0.7969766274828308
0.8075252208313332
0.8836508987577747
0.8038098809146145
0.9015597862625627
0.768383457224925
0.8946339488015994
0.7946550684334832
0.9128782048469172
0.9506978663024698
0.87032921978988
0.905016986917311
