0.5709819983082022
0.710046751443479
0.7114984289020174
0.7526170229941257
0.7346374960336953
0.7247999886662254
0.6420417852283004
0.8131983129276
0.693683914529108
0.7284064896032522
0.7233476013099949
0.6725427519608916
0.7281193412220108
0.7203323686528298
0.7580241139740443
0.717879482144338
0.7426914096564605
0.7126101640551594
0.7854422491533656
0.7866670205293073
0.787644713584651
0.8539218297697091
0.8350434725498721
0.785941530318244
0.6664251336670884
0.8123798420754903
0.7933241490120551
0.7400369064033709
0.7401932266176092
0.733953775464225
0.7325485587090994
0.5917905784262733
0.6747141310754903
0.6912485918922197
0.7205071195293072
0.8195738020302226
0.6704607270680052
0.6181166180481177
0.6303974158441814
0.6818167036176092
0.7156026778309977
0.7171397816547418
0.8098262483176549
0.7302050561544011
0.7481792032521274
0.7740419147427711
0.6449543730336953
0.7593824652413942
0.8985142991929986
0.7800956500977497
0.7482102938468593
0.7891672466176092
0.6642304808317002
0.7600206671916739
0.7838329280680052
0.7820505095498721
0.7469999619129205
0.731911510318244
0.7522344698178514
0.8043383631791091
0.7041786731538062
0.6957796453916768
0.7089713891544012
0.6661724959126556
0.7030852464860528
0.7623313399621353
0.6722667340004428
0.6915241105846511
0.6457710564062511
0.8005488804738692
0.7536433075168667
0.6841118087614151
0.7077605145013263
0.8170610077424145
0.7321334439608916
0.6802570522421659
0.7071874421791091
0.728542268399327
0.7214139313822759
0.699653603656529
0.5935997159092596
0.5953346192844554
0.5849771605009042
0.5815514086411288
0.6951730419838796
0.7376953282832135
0.743782473767225
0.6842052003468374
0.7234123099676736
0.7260406021538063
0.7914759668922197
0.6913563216330197
0.7195499081624247
0.7932183513105676
0.7881210194938728
0.6767628967088684
0.7061278609509114
0.600727268008619
0.7440359065293073
0.64100468148592
0.6876728124860527
0.760890706887798
0.755042939012055
0.7257421554938728
0.7725144768991988
0.7983436585732759
0.7393417319925184
0.7495602389621353
0.7748329386411287
0.8335934174033709
0.7624203779608916
0.7043872071917638
0.816532952765879
0.786892114767225
0.8214689147286776
0.7998074040015273
0.745124435031562
0.6569103551791091
0.7699400376528297
0.7693539843468374
0.7842142555924577
0.8483407129294964
0.6955373749108408
0.7451536769653007
0.6488841008309977
0.6416299531744917
0.668239024191674
0.7527606366274217
0.7440978580821846
0.7440480669509113
0.683061904191674
0.6253768044214764
0.6558352500680052
0.7408978226411287
0.7034811320858783
0.7593398411624247
0.7448269389294965
0.712639573242166
0.8059644652348794
0.7575136080821846
0.8141459494860527
0.8147505514083145
0.8576569667039473
0.781277988436932
0.7988481943876254
0.7339198911538063
0.7191966083082022
0.7399377602413942
0.7911342184496356
0.7632902394938728
0.7311977564143473
0.6817079395168667
0.6981883443902122
0.778544429742771
0.6957728839608917
0.6957989096032521
0.7857253870336953
0.703340593382276
0.6943396013468375
0.7283862490004428
0.6717251689126555
0.7379167091929987
0.680109400143667
0.6096522813468375
