0.685433936
0.746534346
0.77245891
0.770848939
0.799392891
0.770121256
0.758114836
0.850480782
0.735939579
0.768547159
0.833819111
0.745317027
0.771673778
0.779708927
0.820593874
0.799272347
0.805803279
0.833648546
0.812787008
0.845521192
0.837561688
0.876161145
0.889319978
0.891769403
0.865645469
0.879932429
0.819999507
0.785806204
0.827460665
0.805546592
0.802391899
0.751365037
0.742266718
0.75823589
0.779361291
0.852229719
0.765990514
0.74341301
0.739305166
0.769084142
0.835802719
0.787563269
0.889319978
0.812237447
0.845135639
0.829316596
0.709709768
0.825247984
0.9330565
0.872815228
0.860261699
0.876434685
0.742474177
0.835194653
0.879362715
0.836327015
0.790118977
0.837739383
0.84017138
0.857137776
0.78304579
0.781718297
0.79100378
0.765296266
0.7807087
0.802890078
0.743273376
0.741441085
0.796128949
0.845424654
0.843609146
0.787670732
0.763538345
0.858463265
0.804907719
0.787616986
0.759986855
0.817152058
0.776188174
0.800240735
0.643045485
0.653669181
0.653669181
0.643045485
0.800240735
0.776188174
0.817152058
0.759986855
0.787616986
0.804907719
0.858463265
0.763538345
0.787670732
0.843609146
0.845424654
0.796128949
0.741441085
0.743273376
0.802890078
0.7807087
0.765296266
0.79100378
0.781718297
0.78304579
0.857137776
0.84017138
0.837739383
0.790118977
0.836327015
0.879362715
0.835194653
0.742474177
0.876434685
0.860261699
0.872815228
0.9330565
0.825247984
0.709709768
0.829316596
0.845135639
0.812237447
0.889319978
0.787563269
0.835802719
0.769084142
0.739305166
0.74341301
0.765990514
0.852229719
0.779361291
0.75823589
0.742266718
0.751365037
0.802391899
0.805546592
0.827460665
0.785806204
0.819999507
0.879932429
0.865645469
0.891769403
0.889319978
0.876161145
0.837561688
0.845521192
0.812787008
0.833648546
0.805803279
0.799272347
0.820593874
0.779708927
0.771673778
0.745317027
0.833819111
0.768547159
0.735939579
0.850480782
0.758114836
0.770121256
0.799392891
0.770848939
0.77245891
0.746534346
0.685433936
