0.6277841966872292
0.702081891211046
0.6737865160888592
0.5777715683778135
0.6203121172311568
0.6407417745866204
0.6629332009239202
0.7613583747871335
0.6458638533190969
0.636446963232058
0.5758307309700946
0.7385687302436403
0.742460076982468
0.7334349614687612
0.7143668309012389
0.5371540832484293
0.7204927912975133
0.8420349390546813
0.5742736620512983
0.8103879363108238
0.6678571457790575
0.6749693744312113
0.7122360786664457
0.7411849771530828
0.5857564587953322
0.6244071924736918
0.6621667537411342
0.7530326468615194
0.7211926365536305
0.52111102808565
0.7481460529454073
0.6883085402217335
0.6150865989213811
0.5820312273475589
0.7930826255378276
0.7309805318776335
0.7223176599766851
0.5835929096610664
0.6345754895424744
0.6473591940217662
0.6372317362885328
0.6666897394713884
0.8119650615850407
0.7851293056977473
0.7501799683050024
0.6698125373458217
0.6207323627823943
0.571659001907241
0.6315075771431032
0.7325231513084294
0.6579322285919638
0.7947582000896173
0.6868140990711737
0.701720927827693
0.6840984215052087
0.7108103989928303
0.8049974129644532
0.6679639832691928
0.6188865840048042
0.5961025211427194
0.7629961368150737
0.7495794554539644
0.5576356498434604
0.8144037994230202
0.7828313332902505
0.7500882373908955
0.6219906545088408
0.655740152875658
0.5850589119575055
0.648372140457018
0.6651165502506576
0.8027903375474693
0.5994889462386656
0.6070942099377608
0.7600585047545657
0.6658218535996506
0.5933261780004776
0.7242976704056184
0.5726829241207282
0.5882412748905576
0.7251562262143293
0.7188104024059362
0.7480237400592364
0.6905800514886576
0.6392467987890119
0.6573742011176297
0.6893843485896464
0.816638965255052
0.7953904336266598
0.654064515646219
0.6912791938661307
0.5548436232548127
0.644527074178012
0.7047722545327159
0.7784199795241845
0.7390474456619451
0.7887706577514929
0.806778414272823
0.7380758202431713
0.6212216180711067
0.7173469683667221
0.7560850258804027
0.6718242111051028
0.803036024070297
0.6127781025954294
0.7145680650150701
0.7841851704938828
0.6155447325065311
0.6458035000696593
0.7259643504373086
0.6555186427159116
0.6405407514809589
0.7286829647988183
0.6279736172639317
0.7770532272427287
0.6319533263351798
0.7550254118949278
0.6323793654986577
0.7728811404721867
0.8353488027286938
0.7454625549593306
0.7892463912370536
